1 1000 := 5 -1
2 0 = 1000 -1
3 1004 := 1 -1
4 7 '>' 0 1004
5 1100 := 0 -1
6 8 goto -1 -1
7 1100 := 1 -1
8 1008 := 2 -1
9 12 '<' 0 1008
10 1101 := 0 -1
11 13 goto -1 -1
12 1101 := 1 -1
13 1100 || 1100 1101
14 16 '==' 1100 1
15 19 goto -1 -1
16 1012 := 10 -1
17 0 = 1012 -1
18 21 goto -1 -1
19 1016 := 20 -1
20 0 = 1016 -1
21 1020 := 1 -1
22 8 = 1020 -1
23 1024 := 10 -1
24 27 '<' 8 1024
25 1102 := 0 -1
26 28 goto -1 -1
27 1102 := 1 -1
28 30 '==' 1102 1
29 36 goto -1 -1
30 1032 := 30 -1
31 0 = 1032 -1
32 1028 := 1 -1
33 8 + 8 1028
34 8 = 8 -1
35 23 goto -1 -1
36 1036 := 10 -1
37 40 '>' 8 1036
38 1103 := 0 -1
39 41 goto -1 -1
40 1103 := 1 -1
41 43 '==' 1103 1
42 46 goto -1 -1
43 1040 := 40 -1
44 0 = 1040 -1
45 36 goto -1 -1
46 1044 := 1 -1
47 4 = 1044 -1
